No    Ref    V       B-V     U-B

 0161    76  22.393   0.832         
 0164    76  21.358   0.648         
 0170    76  17.127   0.689         
 0171    76  20.741   1.501         
 0181    76  17.898   1.179         
 0184    76  21.276   1.334         
 0186    76  22.768   0.874         
 0190    76  21.742   0.975         
 0191    76  19.582   0.936         
 0192    76  19.433   0.901         
 0193    76  20.785   0.909         
 0195    76  17.669   0.978         
 0196    76  20.650   1.121         
 0203    76  22.849   1.110         
 0203   145  22.500   1.414         
 0205   145  21.505   1.208   0.196
 0207    76  20.751   1.121         
 0207   145  20.638   1.295   0.721
 0211   145  22.847   1.266         
 0212   145  19.517   1.153   0.389
 0213    76  18.027   1.371         
 0213   145  17.994   1.523   1.200
 0214   145  22.692   1.535         
 0216    76  19.393   0.847         
 0216   145  19.314   0.984   0.217
 0217   145  20.139   1.639   1.465
 0218    76  19.891   0.924         
 0218   145  19.846   1.097   0.246
 0219    76  21.711   1.420         
 0219   145  21.662   1.639         
 0220    76  21.515   1.140         
 0220   145  21.393   1.243         
 0224   145  18.711   0.924   0.235
 0225    76  22.427   1.000         
 0225   145  22.185   1.295         
 0226    76  22.391   1.303         
 0226   145  22.234   1.406         
 0227   145  19.624   1.123   0.323
 0228    76  17.458   1.224         
 0228   145  17.422   1.420         
 0229    76  21.718   0.676         
 0229   145  21.383   1.061   0.145
 0230    76  16.551   0.590         
 0230   145  16.558   0.664   0.310
 0231    76  21.794   1.134         
 0231   145  21.731   1.103         
 0232    76  20.748   0.855         
 0232   145  20.651   1.045   0.157
 0233    76  18.377   0.627         
 0233   145  18.386   1.033   0.262
 0235    76  20.935   1.129         
 0235   145  20.824   1.331   0.671
 0236    76  17.471   1.317         
 0236   145  17.469   1.483   0.945
 0237    76  20.937   0.932         
 0237   145  20.794   1.126   0.312
 0239   145  21.646   1.353         
 0240   145  23.034   1.267         
 0241   145  19.425   1.347   0.550
 0243   145  22.640   1.529         
 0244   145  22.381   1.169         
 0245   145  20.766   0.989   0.159
 0247    76  18.394   0.698         
 0247   145  18.402   0.780   0.329
 0249    76  20.494   0.942         
 0249   145  20.344   1.104   0.372
 0250    76  18.667   0.927         
 0250   145  18.731   0.928   0.185
 0251    76  18.183   1.196         
 0251   145  18.274   1.323   0.709
 0256   145  21.992   1.350         
 0257   145  20.473   1.359   0.648
 0260    76  18.327   0.517         
 0260   145  18.325   0.615   0.185
 0261   145  20.294   1.126   0.356
 0263    76  18.916   0.881         
 0263   145  18.891   1.032   0.251
 0264   145  20.682   1.050   0.219
 0265   145  20.481   1.081   0.229
 0268    76  21.336   0.871         
 0268   145  21.204   1.039   0.287
 0271   145  21.547   1.365         
 0273   145  22.388   1.261         
 0275   145  22.183   1.321         
 0276    76  21.094   0.937         
 0278    76  19.483   1.680         
 0278   145  19.401   1.627   1.438
 0281    76  20.486   0.906         
 0281   145  20.466   1.028   0.186
 0283    76  21.931   1.073         
 0283   145  21.772   1.194   0.212
 0285   145  20.529   1.042   0.319
 0287    76  20.492   1.498         
 0287   145  20.297   1.756         
 0288   145  23.210   0.999         
 0290   145  19.103   1.069   0.293
 0291   145  22.083   1.245         
 0292    76  16.471   0.871         
 0292   145  16.479   0.938   0.256
 0293    76  20.562   0.960         
 0293   145  20.358   1.139   0.310
 0295   145  22.085   1.292         
 0296   145  21.271   1.170   0.328
 0300   145  21.336   1.128   0.348
 0304    76  18.380   0.546         
 0304   145  18.396   0.657   0.235
 0306    76  20.096   1.057         
 0306   145  20.073   1.189   0.177
 0308    76  20.502   0.911         
 0308   145  20.480   1.078   0.243
 0309    76  20.555   0.964         
 0309   145  20.403   1.081   0.412
 0310   145  21.657   1.785         
 0311   145  22.261   1.167         
 0312   145  21.824   1.193         
 0313    76  21.006   0.920         
 0313   145  20.812   1.106   0.352
 0314   145  21.116   1.259   0.574
 0316   145  22.342   1.555         
 0318   145  21.138   1.251   0.514
 0319   145  19.074   1.027   0.302
 0320   145  20.667   1.010         
 0321   145  22.789   1.164         
 0322   145  22.827   1.197         
 0323    76  20.717   0.918         
 0323   145  20.692   1.055   0.243
 0325   145  22.208   1.493         
 0327    76  17.339   0.597         
 0327   145  17.371   0.646   0.226
 0328    76  17.792   1.275         
 0328   145  17.737   1.409   0.898
 0330    76  19.135   1.349         
 0330   145  19.016   1.470   0.949
 0331    76  18.874   0.813         
 0331   145  18.816   0.932         
 0332   145  22.405   1.464         
 0334    76  20.924   0.890         
 0334   145  20.769   1.030   0.191
 0335   145  20.429   0.941   0.251
 0337   145  22.723   1.293         
 0340    76  23.023   0.903         
 0340   145  22.824   1.148         
 0341    76  22.101   0.923         
 0341   145  21.914   1.362         
 0343   145  18.529   1.044   0.277
 0344    76  20.181   1.230         
 0344   145  20.110   1.417   0.754
 0345   145  22.599   1.712         
 0346    76  20.519   0.834         
 0346   145  20.465   1.084   0.236
 0348    76  20.836   0.970         
 0349    76  20.091   0.838         
 0349   145  20.018   0.994   0.219
 0350   145  22.899   1.382         
 0351    76  18.461   0.980         
 0351   145  18.459   1.083   0.319
 0352   145  20.480   1.120   0.417
 0353   145  22.294   1.888         
 0355    76  20.514   0.976         
 0355   145  20.344   1.139   0.356
 0356    76  20.690   0.923         
 0356   145  20.559   1.066         
 0357   145  20.356   0.991   0.261
 0358    76  21.598   1.025         
 0358   145  21.499   1.250   0.209
 0359   145  21.626   1.115   0.403
 0361    76  20.548   0.964         
 0361   145  20.500   1.067   0.233
 0362   145  21.847   1.173   0.411
 0364   145  22.147   1.830         
 0365    76  20.725   0.959         
 0365   145  20.705   1.045  -0.122
 0367   145  20.574   1.217   0.680
 0368    76  21.963   1.126         
 0368   145  21.845   1.200   0.202
 0369   145  22.825   1.425         
 0370    76  20.193   1.481         
 0370   145  20.087   1.620   1.200
 0372   145  22.263   1.239         
 0373    76  21.430   0.916         
 0373   145  21.289   1.162   0.450
 0374    76  20.457   1.007         
 0374   145  20.418   1.062   0.378
 0375    76  19.825   1.156         
 0375   145  19.831   1.184   0.484
 0376    76  20.270   1.021         
 0376   145  20.287   1.091   0.305
 0377   145  17.661   1.002   0.281
 0378    76  20.885   1.034         
 0378   145  20.862   1.098   0.360
 0379   145  20.753   1.086   0.235
 0381    76  21.554   1.216         
 0383   145  22.972   1.073         
 0384   145  21.209   1.050   0.375
 0387   145  22.785   1.666         
 0389   145  22.051   1.130         
 0390    76  20.471   1.580         
 0390   145  20.547   1.598   1.038
 0391    76  21.596   1.283         
 0392   145  22.878   1.049         
 0393    76  17.454   0.982         
 0393   145  17.519   1.008   0.302
 0395    76  21.614   1.073         
 0395   145  21.750   1.247   0.142
 0396   145  18.047   0.743   0.302
 0399    76  21.993   1.489         
 0399   145  22.142   1.344         
 0400    76  22.085   1.047         
 0400   145  22.091   1.342         
 0401   145  22.761   1.304         
 0402    76  21.038   1.033         
 0402   145  21.010   1.071   0.174
 0403    76  21.572   1.148         
 0403   145  21.561   1.106   0.256
 0405    76  19.145   1.049         
 0405   145  19.179   1.105   0.332
 0406   145  20.396   1.255   0.615
 0408   145  22.728   1.780         
 0410    76  18.442   0.974         
 0410   145  18.468   1.050   0.319
 0411   145  22.817   1.397  -1.231
 0413   145  21.597   1.172   0.417
 0414   145  20.557   1.095   0.330
 0417   145  22.586   1.454         
 0418    76  21.654   1.552         
 0418   145  21.713   1.971         
 0420    76  17.740   0.922         
 0420   145  17.797   0.975   0.238
 0421   145  21.661   1.834         
 0423    76  18.783   0.972         
 0423   145  18.833   1.013   0.258
 0424   145  23.203   0.888         
 0425    76  18.949   0.992         
 0425   145  18.969   1.037   0.319
 0426   145  23.016   1.347         
 0427    76  21.960   1.067         
 0427   145  21.827   1.167         
 0428    76  20.692   0.981         
 0429    76  20.684   1.050         
 0429   145  20.774   1.054   0.374
 0430    76  20.247   1.055         
 0430   145  20.255   1.099   0.360
 0431   145  23.182   1.292         
 0432    76  21.631   1.099         
 0432   145  21.714   1.267  -0.241
 0433    76  19.032   0.947         
 0434    76  21.152   1.137         
 0434   145  21.160   1.082   0.380
 0437    76  18.112   0.850         
 0437   145  18.209   0.788   0.327
 0438    76  22.474   0.920         
 0439   145  22.293   1.783         
 0443    76  20.743   0.999         
 0443   145  20.707   1.043   0.357
 0445    76  21.890   1.155         
 0445   145  21.880   1.078         
 0449    76  19.914   1.476         
 0449   145  20.046   1.384   0.663
 0450    76  21.995   0.766         
 0452   145  22.913   1.244         
 0453    76  22.752   1.026         
 0453   145  22.761   1.192         
 0454    76  21.161   1.434         
 0455    76  16.585   0.916         
 0455   145  16.662   0.941   0.409
 0457   145  22.114   1.244         
 0459   145  22.591   1.211         
 0461    76  22.482   1.260         
 0462   145  22.648   1.167         
 0463   145  22.142   1.184         
 0464   145  20.920   1.437   0.606
 0465   145  20.868   1.121   0.407
 0468    76  22.642   0.944         
 0469    76  22.329   0.899         
 0469   145  22.289   1.133         
 0470    76  21.686   1.195         
 0470   145  21.657   1.253   0.382
 0472   145  23.165   1.399         
 0473   145  22.855   1.439         
 0475   145  21.623   1.297         
 0476    76  18.553   1.421         
 0476   145  18.635   1.489   1.089
 0478   145  21.749   1.117   0.203
 0479    76  20.749   0.969         
 0479   145  20.740   1.008   0.038
 0480    76  21.337   0.939         
 0480   145  21.364   1.045   0.502
 0483    76  22.739   0.944         
 0483   145  22.551   1.407         
 0484    76  21.875   0.999         
 0484   145  21.906   1.233         
 0487   145  22.557   1.576         
 0488   145  19.891   1.258   0.508
 0489    76  21.268   1.135         
 0489   145  21.273   1.201   0.295
 0494    76  19.278   0.996         
 0495    76  21.654   0.933         
 0495   145  21.650   1.137   0.284
 0496   145  22.245   1.299         
 0498   145  21.617   1.105   0.241
 0499    76  18.973   1.334         
 0499   145  18.988   1.404   1.126
 0500   145  21.832   1.161         
 0501    76  21.635   1.949         
 0501   145  21.807   1.779         
 0503    76  20.819   1.023         
 0503   145  20.810   1.020   0.381
 0505   145  22.263   1.336         
 0506   145  21.995   1.392         
 0507    76  22.071   1.061         
 0507   145  22.081   1.136         
 0508    76  16.237   1.027         
 0509   145  18.598   1.019   0.280
 0510    76  21.502   1.043         
 0510   145  21.456   1.076   0.438
 0512   145  22.531   1.821         
 0513    76  21.537   1.720         
 0513   145  21.646   1.681         
 0514    76  20.462   1.032         
 0515    76  18.895   1.409         
 0515   145  18.939   1.467   0.836
 0516    76  20.527   1.142         
 0516   145  20.652   1.065   0.465
 0518   145  22.002   1.142         
 0519    76  17.356   1.629         
 0519   145  17.456   1.676   1.454
 0521   145  23.175   0.983         
 0522   145  21.972   1.683         
 0524    76  20.225   1.032         
 0524   145  20.280   1.093   0.257
 0525    76  18.276   0.939         
 0526    76  20.994   1.095         
 0526   145  20.982   1.048         
 0527    76  22.397   1.234         
 0527   145  22.453   1.415         
 0529   145  21.220   1.058   0.038
 0530   145  22.071   1.206         
 0534    76  19.003   1.571         
 0534   145  19.195   1.484   1.019
 0535   145  22.422   1.425         
 0536    76  19.858   1.119         
 0536   145  19.862   1.184   0.209
 0537   145  22.331   1.238         
 0538    76  20.347   1.073         
 0538   145  20.357   1.116   0.402
 0541    76  21.897   1.392         
 0541   145  22.046   1.301         
 0542   145  21.123   1.084   0.305
 0544   145  17.585   0.919   0.268
 0545   145  22.294   1.145         
 0547   145  21.787   1.114   0.042
 0548    76  20.487   1.055         
 0548   145  20.504   1.086   0.281
 0549    76  17.990   0.980         
 0550    76  20.859   1.009         
 0550   145  20.919   1.075   0.358
 0551    76  19.728   1.082         
 0551   145  19.747   1.130   0.334
 0553    76  22.389   1.245         
 0553   145  22.580   1.219         
 0554    76  21.273   1.078         
 0554   145  21.269   1.125   0.322
 0558    76  21.554   0.972         
 0558   145  21.810   1.184         
 0559    76  22.663   1.248         
 0559   145  22.716   1.225         
 0562    76  22.383   1.112         
 0562   145  22.188   1.155         
 0563   145  20.786   1.052   0.214
 0564   145  22.991   1.143         
 0565    76  21.616   1.157         
 0565   145  21.557   1.187   0.415
 0567    76  21.472   1.044         
 0567   145  21.448   1.121   0.224
 0568    76  21.011   1.051         
 0568   145  21.006   1.078   0.357
 0571    76  20.315   1.048         
 0571   145  20.310   1.062   0.352
 0572    76  20.459   1.068         
 0572   145  20.492   1.080   0.345
 0574   145  20.058   1.292   0.550
 0576    76  21.821   0.957         
 0576   145  21.840   1.105         
 0577    76  20.792   1.027         
 0581    76  21.100   1.132         
 0581   145  21.089   1.127   0.469
 0582    76  17.769   1.470         
 0582   145  17.849   1.527   1.091
 0583    76  21.561   1.273         
 0583   145  21.487   1.349   0.281
 0584    76  21.690   1.262         
 0584   145  21.770   1.256         
 0585    76  21.435   1.457         
 0585   145  21.494   1.670         
 0586    76  21.594   1.594         
 0586   145  21.750   1.731         
 0589    76  18.267   1.365         
 0589   145  18.325   1.321   0.542
 0590    76  20.888   1.043         
 0590   145  20.912   1.039   0.278
 0591   145  21.727   1.264         
 0592   145  21.233   1.119   0.359
 0593   145  20.637   1.076   0.439
 0594   145  21.583   1.184   0.366
 0595    76  21.160   1.164         
 0595   145  21.242   1.177   0.221
 0596    76  21.775   1.233         
 0596   145  21.769   0.984   0.422
 0597    76  19.853   1.093         
 0597   145  19.914   1.075   0.405
 0599    76  21.485   1.044         
 0599   145  21.693   1.076   0.226
 0600   145  20.789   1.076   0.460
 0601    76  20.239   1.212         
 0602    76  21.464   1.452         
 0603    76  22.342   0.893         
 0603   145  22.563   1.231         
 0605   145  22.275   1.151         
 0606    76  20.792   0.987         
 0606   145  20.742   1.080   0.584
 0607    76  20.528   1.048         
 0607   145  20.553   1.061   0.359
 0609   145  22.622   1.167         
 0611    76  20.851   1.108         
 0614    76  21.952   0.956         
 0614   145  21.952   1.180         
 0615   145  20.054   1.089   0.343
 0618   145  22.928   1.348         
 0619    76  20.827   1.018         
 0619   145  20.849   1.044   0.209
 0620    76  21.268   1.046         
 0620   145  21.304   1.111   0.342
 0622    76  22.164   0.982         
 0622   145  22.456   1.190         
 0623   145  20.649   1.316   0.715
 0624    76  21.343   1.181         
 0624   145  21.323   1.147   0.095
 0625    76  21.682   1.155         
 0625   145  21.885   1.062   0.203
 0628    76  22.151   1.241         
 0628   145  22.356   1.321         
 0629    76  21.063   1.154         
 0629   145  21.177   1.021   0.470
 0631    76  22.127   1.198         
 0631   145  22.232   1.058         
 0632   145  22.020   1.357         
 0633    76  19.882   1.302         
 0636    76  19.418   1.088         
 0636   145  19.538   0.963   0.299
 0638    76  20.658   1.082         
 0638   145  20.662   1.082   0.232
 0639    76  22.360   1.164         
 0639   145  22.458   1.214         
 0640    76  21.664   1.302         
 0640   145  21.868   1.017         
 0643    76  20.591   1.048         
 0643   145  20.574   1.073   0.358
 0644    76  21.430   1.134         
 0644   145  21.454   0.989   0.519
 0645   145  22.290   1.260         
 0647    76  18.470   1.328         
 0647   145  18.545   1.349   0.813
 0648    76  21.357   1.063         
 0649   145  20.258   1.367   0.853
 0650   145  22.984   0.941         
 0651    76  20.294   1.054         
 0651   145  20.302   1.094   0.320
 0652    76  20.183   1.093         
 0652   145  20.234   1.014   0.327
 0653    76  21.806   1.287         
 0653   145  21.914   1.169         
 0654   145  22.111   1.222         
 0655    76  18.098   0.933         
 0655   145  18.172   0.964   0.266
 0656    76  21.160   1.168         
 0658   145  23.370   1.116         
 0659   145  21.955   1.156         
 0660    76  19.548   0.979         
 0660   145  19.529   1.049   0.289
 0662    76  19.913   1.342         
 0663    76  17.579   0.982         
 0663   145  17.649   1.005   0.269
 0664   145  18.521   1.095   0.391
 0665    76  21.676   1.144         
 0665   145  21.581   1.030         
 0666    76  21.594   1.026         
 0666   145  21.613   1.155   0.178
 0668   145  20.568   1.070   0.378
 0669    76  21.831   1.172         
 0669   145  22.201   1.169  -0.113
 0670    76  21.533   1.200         
 0670   145  21.726   1.083         
 0671   145  22.498   1.186         
 0672    76  22.254   1.040         
 0672   145  22.168   1.065         
 0673   145  22.357   1.245         
 0674    76  19.730   1.012         
 0674   145  19.776   1.028   0.362
 0675    76  20.747   1.020         
 0675   145  20.815   1.052         
 0676   145  21.571   1.164   0.063
 0677    76  21.973   1.340         
 0677   145  21.901   1.278         
 0678   145  20.020   1.154   0.431
 0679    76  17.670   1.529         
 0679   145  17.763   1.568   1.268
 0680   145  22.667   1.674         
 0681   145  22.884   1.093         
 0683    76  20.126   1.029         
 0683   145  20.173   1.048   0.369
 0685    76  18.438   0.664         
 0688   145  22.848   1.347         
 0691   145  20.217   1.623   1.472
 0692    76  17.302   1.022         
 0693    76  22.539   1.110         
 0693   145  22.483   1.211         
 0695   145  19.609   1.053   0.321
 0698    76  20.966   1.061         
 0698   145  20.947   1.139   0.229
 0699   145  22.684   0.995         
 0700   145  23.020   1.243         
 0701   145  22.941   1.484         
 0705    76  19.601   0.907         
 0705   145  19.639   1.128   0.389
 0706    76  21.127   1.110         
 0706   145  21.332   1.098   0.246
 0707    76  22.792   0.908         
 0707   145  22.809   1.528         
 0708    76  19.891   1.228         
 0709    76  20.945   1.273         
 0709   145  21.068   1.117   0.433
 0712   145  20.967   1.250   0.599
 0713   145  22.536   1.243         
 0714   145  20.603   1.082   0.339
 0715    76  22.441   1.133         
 0715   145  22.520   1.610         
 0716    76  20.864   1.006         
 0716   145  20.915   1.045   0.353
 0717   145  22.287   1.309         
 0718   145  22.315   1.172         
 0719    76  22.005   1.009         
 0719   145  22.137   1.176         
 0721    76  19.949   1.040         
 0721   145  19.994   1.034   0.287
 0725   145  22.058   1.343         
 0726    76  17.733   1.472         
 0726   145  17.824   1.495   1.126
 0727   145  22.959   1.364         
 0728   145  22.805   1.022         
 0729    76  22.875   1.622         
 0731    76  22.251   1.515         
 0731   145  22.181   1.184         
 0732   145  21.883   1.255         
 0735    76  20.402   0.986         
 0736   145  17.884   0.898   0.403
 0738   145  22.760   0.965         
 0739    76  21.896   1.094         
 0739   145  21.929   1.314         
 0742    76  21.364   1.141         
 0742   145  21.345   1.228         
 0744   145  20.520   1.071   0.366
 0746   145  19.955   1.384   0.804
 0747    76  20.823   1.006         
 0747   145  20.845   1.088   0.425
 0748   145  22.912   1.417         
 0750    76  22.373   0.414         
 0750   145  22.514   0.984         
 0751   145  21.289   1.048   0.398
 0752   145  20.620   1.328   0.667
 0755   145  21.776   1.176   0.351
 0758    76  19.947   1.052         
 0758   145  19.995   1.045   0.296
 0759    76  20.666   1.039         
 0759   145  20.703   1.036   0.250
 0760   145  22.260   1.091         
 0761    76  21.254   1.025         
 0761   145  21.292   1.053   0.247
 0762   145  19.339   0.737   0.333
 0763   145  21.072   1.031   0.377
 0764    76  21.018   1.151         
 0764   145  21.055   1.112   0.586
 0766   145  22.965   1.537         
 0767    76  21.701   1.011         
 0767   145  21.630   1.180   0.144
 0768    76  20.864   0.973         
 0768   145  20.659   1.056   0.283
 0769    76  19.187   1.165         
 0769   145  19.250   1.172   0.517
 0772   145  21.045   1.016   0.315
 0773    76  20.676   1.096         
 0776   145  21.147   1.094   0.325
 0777    76  20.854   1.130         
 0777   145  20.973   1.095   0.487
 0778    76  22.157   1.596         
 0778   145  22.403   1.404         
 0781    76  20.839   1.360         
 0781   145  20.882   1.293   0.896
 0783    76  21.640   1.162         
 0783   145  21.721   1.067   0.189
 0784   145  23.214   0.924         
 0787    76  21.085   1.052         
 0787   145  21.104   1.016   0.291
 0793    76  20.187   1.264         
 0794    76  19.173   1.318         
 0794   145  19.223   1.372   1.050
 0795    76  21.747   1.429         
 0795   145  21.803   1.448         
 0798   145  22.440   2.044         
 0800    76  22.175   1.142         
 0802   145  22.432   1.378         
 0803    76  20.500   1.048         
 0805    76  21.782   0.928         
 0807    76  21.133   0.985         
 0808   145  23.146   1.023         
 0809    76  20.952   0.972         
 0809   145  21.153   1.008   0.328
 0811    76  21.901   1.432         
 0811    76  22.061   1.322         
 0812    76  20.900   1.012         
 0812   145  20.677   1.103   0.599
 0813    76  20.445   1.053         
 0813   145  20.509   1.044   0.291
 0814    76  21.387   1.019         
 0814   145  21.570   1.108   0.204
 0815   145  22.123   1.103         
 0816   145  22.696   1.594         
 0817   145  21.941   1.555         
 0818   145  22.774   1.668         
 0821    76  20.588   1.037         
 0821   145  20.607   1.050   0.323
 0822   145  22.491   1.428         
 0823    76  19.868   1.167         
 0826    76  22.214   1.445         
 0826   145  22.403   1.785         
 0827    76  21.686   1.161         
 0828   145  22.667   1.255         
 0829    76  20.871   0.926         
 0829   145  20.967   0.983   0.378
 0830   145  22.692   1.243         
 0832   145  21.128   1.106  -0.004
 0833   145  23.074   1.114         
 0834    76  21.342   1.097         
 0834   145  21.538   1.072   0.278
 0836    76  22.453   1.383         
 0836   145  22.892   1.297         
 0837    76  19.509   0.734         
 0837   145  19.552   0.759   0.330
 0838    76  21.789   1.081         
 0838   145  21.681   0.991   0.498
 0839    76  21.066   1.024         
 0839   145  21.153   1.014   0.087
 0840    76  22.934   0.337         
 0840   145  22.900   1.256         
 0841   145  22.520   1.226         
 0842    76  20.644   1.746         
 0842   145  20.677   1.830         
 0843    76  22.625   0.967         
 0843   145  22.460   1.511         
 0844   145  17.860   0.750   0.354
 0845    76  20.227   1.119         
 0845   145  20.408   0.984   0.380
 0846   145  23.177   1.225         
 0847    76  21.820   1.181         
 0847   145  22.023   1.214         
 0848    76  21.331   1.065         
 0848   145  21.301   1.070   0.325
 0850    76  21.724   1.983         
 0850   145  21.933   1.795         
 0851    76  21.688   1.165         
 0851   145  21.754   1.034   0.179
 0852    76  22.568   1.177         
 0852   145  22.728   1.471         
 0855   145  19.174   1.009   0.283
 0856    76  19.803   1.147         
 0856   145  19.831   1.158   0.458
 0857    76  21.583   1.174         
 0857   145  21.579   1.175   0.182
 0858    76  20.719   1.056         
 0858   145  20.752   1.082  -0.099
 0859    76  19.800   1.034         
 0859   145  19.923   0.994   0.365
 0862    76  22.028   1.246         
 0862   145  22.016   1.183         
 0864    76  21.701   1.503         
 0864   145  21.961   1.178         
 0865   145  21.329   1.301   0.588
 0868    76  22.709   1.291         
 0868   145  22.580   1.353         
 0870    76  21.516   1.272         
 0870   145  21.565   1.165   0.503
 0872    76  16.701   0.999         
 0872   145  16.770   1.033   0.509
 0873   145  22.242   1.616         
 0875    76  19.215   1.574         
 0876    76  22.069   1.130         
 0878   145  21.842   1.226         
 0879    76  22.302   1.091         
 0879   145  22.439   1.119         
 0880    76  22.503   0.886         
 0880   145  22.470   1.386         
 0882    76  19.991   1.058         
 0882   145  20.022   1.031   0.351
 0883   145  20.687   0.978   0.252
 0884    76  20.576   1.060         
 0884   145  20.620   1.014   0.419
 0885    76  21.239   1.031         
 0885   145  21.213   1.033   0.349
 0886    76  22.377   1.083         
 0886   145  22.744   1.465         
 0887   145  20.309   1.065   0.356
 0888    76  22.553   1.153         
 0888   145  22.642   1.271         
 0890    76  21.192   1.200         
 0891    76  17.706   1.430         
 0891   145  17.771   1.492   1.097
 0892   145  22.540   1.203         
 0893   145  22.836   1.148         
 0894   145  18.594   0.724   0.356
 0895   145  19.593   1.472   1.392
 0896    76  22.017   1.207         
 0896   145  22.074   1.121         
 0897    76  19.099   0.987         
 0897   145  19.131   1.019   0.293
 0899    76  22.352   1.147         
 0900    76  20.850   0.960         
 0900   145  20.898   0.997   0.452
 0901   145  21.523   1.126   0.241
 0902   145  23.043   1.506         
 0903    76  21.779   1.165         
 0903   145  22.053   1.178         
 0905    76  21.338   1.008         
 0905   145  21.282   1.094   0.293
 0907   145  22.385   1.232         
 0909    76  21.722   0.975         
 0909   145  21.758   1.028         
 0910   145  22.150   1.200         
 0912   145  20.674   1.008   0.342
 0914    76  21.739   0.968         
 0914   145  21.688   1.089   0.175
 0915   145  20.815   1.008   0.172
 0917   145  20.704   1.087   0.359
 0919   145  19.288   0.824   0.394
 0920    76  21.425   1.084         
 0921   145  20.705   1.014   0.386
 0925    76  21.927   1.050         
 0925   145  22.045   1.236         
 0930    76  21.870   0.954         
 0930   145  21.665   1.117   0.180
 0931    76  21.553   1.310         
 0931   145  21.499   1.201         
 0933   145  22.714   1.620         
 0934    76  20.146   0.948         
 0934   145  20.114   0.974   0.326
 0936    76  21.906   1.064         
 0936   145  21.901   1.211         
 0937    76  21.526   1.234         
 0937   145  21.368   1.159   0.334
 0938   145  22.523   1.691         
 0939    76  20.243   0.917         
 0939   145  20.143   0.965   0.322
 0940    76  19.736   0.698         
 0940   145  19.769   0.831   0.396
 0941    76  19.937   0.965         
 0941   145  19.868   0.997   0.375
 0942   145  22.427   1.237         
 0944   145  22.466   0.978         
 0945   145  22.625   1.259         
 0947   145  20.323   1.485   0.974
 0948    76  21.598   1.006         
 0948   145  21.412   1.150   0.339
 0949   145  22.002   1.172         
 0950   145  20.681   1.367   1.111
 0954   145  19.334   0.993   0.319
 0955    76  22.031   1.033         
 0955   145  22.007   1.041         
 0957   145  21.043   1.066   0.301
 0959    76  21.370   0.959         
 0959   145  21.269   1.154   0.352
 0960   145  21.760   1.354         
 0961   145  21.717   1.188   0.209
 0964   145  21.459   1.172   0.477
 0966   145  22.492   1.297         
 0967   145  21.164   1.158   0.290
 0968   145  20.973   1.091   0.264
 0972    76  22.691   1.280         
 0972   145  22.537   1.043         
 0973    76  19.743   1.012         
 0973   145  19.617   1.088   0.401
 0974   145  22.441   1.314         
 0975   145  22.093   1.209  -0.205
 0976    76  21.820   1.025         
 0976   145  21.654   1.190   0.105
 0977    76  20.478   1.309         
 0977   145  20.383   1.284   0.670
 0980   145  21.217   1.660         
 0982   145  22.378   1.023  -0.166
 0983   145  22.519   1.038         
 0985   145  21.549   1.776         
 0986    76  21.582   1.624         
 0986   145  21.441   1.131   0.444
 0988   145  21.898   1.275         
 0989    76  16.477   0.894         
 0989   145  16.504   0.924   0.434
 0991   145  22.130   1.117         
 0992   145  21.681   1.798         
 0993   145  21.184   1.026   0.288
 0994    76  19.894   1.020         
 0994   145  19.884   1.013   0.303
 0995   145  20.263   1.404   1.066
 0997    76  21.374   1.010         
 0997   145  21.236   1.064   0.261
 1000   145  21.838   1.303         
 1003   145  19.353   1.086         
 1004    76  22.264   0.726         
 1005    76  21.474   1.140         
 1005   145  21.297   1.139   0.209
 1007   145  21.539   1.078   0.553
 1008   145  21.585   1.126   0.367
 1010    76  20.893   0.990         
 1010   145  20.847   1.032   0.335
 1012   145  22.159   0.981         
 1013   145  20.119   0.911   0.294
 1015   145  22.296   1.364         
 1016   145  20.994   1.169   0.196
 1017    76  16.682   0.911         
 1017   145  16.676   0.989   0.319
 1019   145  21.538   1.121   0.081
 1020    76  21.234   0.960         
 1020   145  21.125   1.039   0.371
 1021    76  21.992   1.205         
 1021   145  21.807   1.205   0.042
 1023   145  23.346   1.005         
 1024    76  21.390   1.079         
 1024   145  21.165   1.084   0.381
 1025   145  18.781   1.022   0.336
 1027    76  19.956   0.905         
 1027   145  19.864   0.952   0.256
 1028   145  21.924   1.281         
 1029   145  22.816   1.229         
 1031   145  22.306   1.162         
 1034   145  21.226   1.672         
 1035   145  23.013   1.137         
 1036   145  17.970   1.256   0.913
 1039   145  21.765   1.767         
 1041   145  20.863   1.031   0.381
 1042   145  22.752   1.464         
 1043    76  17.985   1.431         
 1043   145  17.937   1.531   1.159
 1045   145  21.632   1.300   0.170
 1047   145  20.176   1.048   0.271
 1048   145  22.659   1.204         
 1050    76  20.734   1.002         
 1050   145  20.613   1.027   0.336
 1051    76  17.238   0.811         
 1051   145  17.252   0.872   0.223
 1052   145  18.507   1.014   0.296
 1055    76  21.131   0.999         
 1055   145  21.016   1.050   0.294
 1057   145  22.247   1.255         
 1060    76  21.280   0.916         
 1061    76  21.417   1.055         
 1061   145  21.190   1.143   0.475
 1063   145  21.492   1.164   0.398
 1065    76  21.913   1.078         
 1065   145  21.848   1.180         
 1067    76  20.946   1.091         
 1067   145  20.801   1.050   0.288
 1068   145  22.422   1.360         
 1073    76  23.020   1.219         
 1073   145  22.775   1.526         
 1075   145  22.572   1.366         
 1076    76  21.164   0.918         
 1076   145  20.988   0.984   0.210
 1079   145  21.138   1.777         
 1080    76  20.524   1.028         
 1080   145  20.393   1.186   0.323
 1082   145  22.355   2.083         
 1085   145  21.657   1.030   0.493
 1087   145  22.565   1.754         
 1088   145  22.860   1.643         
 1089   145  22.250   1.304         
 1094   145  16.836   1.368   1.296
 1095    76  20.600   1.574         
 1098    76  21.073   0.980         
 1098   145  21.033   1.047   0.268
 1099    76  21.438   0.936         
 1099   145  21.227   1.028   0.531
 1100   145  22.020   1.088         
 1101    76  20.756   1.193         
 1101   145  20.732   1.227   0.765
 1102   145  22.877   1.197         
 1103    76  20.077   1.017         
 1103   145  20.040   1.025   0.317
 1104   145  22.739   1.103         
 1105    76  20.475   1.569         
 1105   145  20.346   1.671         
 1106   145  20.480   1.283   0.546
 1108   145  22.367   1.190         
 1111    76  18.386   0.514         
 1111   145  18.369   0.587   0.165
 1112   145  21.152   1.328   0.708
 1114    76  20.256   0.913         
 1114   145  20.226   0.937   0.250
 1115   145  21.765   1.169         
 1116   145  22.241   1.306         
 1117   145  22.580   1.289         
 1118   145  22.717   1.687         
 1121   145  22.200   1.221         
 1123   145  21.736   1.237   0.320
 1126   145  22.305   1.354         
 1127   145  19.737   1.130   0.413
 1129   145  22.822   1.259         
 1130    76  17.407   0.874         
 1130   145  17.391   0.956   0.270
 1131    76  21.155   1.393         
 1131   145  21.308   1.080   0.592
 1132   145  21.560   1.774         
 1134    76  20.384   0.838         
 1135   145  22.001   1.273         
 1136   145  20.947   1.119   0.442
 1140   145  20.220   1.684   1.253
 1141    76  21.652   1.160         
 1141   145  21.422   1.336         
 1143   145  20.681   1.466         
 1145    76  21.027   0.920         
 1145   145  20.952   1.005   0.300
 1146    76  19.373   0.926         
 1146   145  19.321   0.980   0.316
 1147    76  18.416   0.540         
 1147   145  18.398   0.593   0.061
 1151   145  22.910   1.600         
 1152   145  22.839   1.225         
 1153   145  22.185   0.944         
 1155   145  21.703   1.078  -0.107
 1156    76  21.553   1.118         
 1156   145  21.410   1.088   0.277
 1157   145  19.937   1.573   1.731
 1158   145  22.508   1.094         
 1161    76  18.868   0.955         
 1161   145  18.836   1.011   0.350
 1162   145  21.694   1.194         
 1163    76  20.486   1.063         
 1163   145  20.443   1.078   0.199
 1165   145  20.675   1.011   0.339
 1171   145  20.235   0.967   0.330
 1173    76  17.742   1.144         
 1173   145  17.779   1.190   1.013
 1177    76  21.025   1.112         
 1177   145  20.962   1.119   0.668
 1178    76  16.915   0.951         
 1178   145  16.931   1.045   0.389
 1180   145  21.769   1.088   0.287
 1181   145  23.122   1.066         
 1182   145  22.233   1.126         
 1183   145  21.072   1.023   0.290
 1185   145  21.566   1.253   0.126
 1187   145  22.355   1.383         
 1188   145  22.391   1.216         
 1189    76  21.174   1.457         
 1189   145  21.013   1.301         
 1190   145  20.372   1.120   0.418
 1192   145  22.592   1.286         
 1193    76  19.004   0.852         
 1193   145  18.967   0.931   0.272
 1195    76  20.405   1.290         
 1195   145  20.351   1.299   1.285
 1196    76  20.153   1.065         
 1196   145  20.059   1.126   0.433
 1197   145  22.419   1.139         
 1198   145  22.616   1.328         
 1199    76  19.532   1.309         
 1199   145  19.481   1.318   0.909
 1200   145  21.076   1.094   0.415
 1202   145  22.194   1.144         
 1203   145  21.376   1.023   0.450
 1204   145  19.761   1.047   0.300
 1206    76  19.878   1.185         
 1206   145  19.811   1.130   0.444
 1207   145  23.355   1.027         
 1208    76  17.832   0.488         
 1208   145  17.832   0.644   0.292
 1214   145  21.428   1.045   0.128
 1215   145  22.847   1.248         
 1216   145  21.322   1.091   0.151
 1217   145  20.694   1.281   0.542
 1218   145  22.269   1.199         
 1219   145  21.480   1.718         
 1220   145  21.349   1.071   0.446
 1222   145  19.922   1.305   0.909
 1223   145  21.342   1.041   0.119
 1353    76  22.161   0.786         
 1354    76  20.281   0.971         
 1357   145  19.400   1.584   1.333
 1358    76  20.248   1.450         
 1358   145  20.121   1.623   1.062
 1360    76  17.978   0.623         
 1360   145  17.845   0.895   0.254
 1365   145  22.201   1.292         
 1366   145  22.210   1.387         
 1368   145  22.341   1.228         
 1369    76  22.300   1.068         
 1369   145  22.150   1.455         
 1370   145  21.056   1.112   0.433
 1376   145  21.056   1.110   0.318
 1378    76  17.784   0.990         
 1378   145  17.804   1.094   0.455
 1379    76  21.213   1.010         
 1379   145  21.228   1.178   0.276
 1381   145  22.500   0.686         
 1384    76  22.056   0.913         
 1385   145  22.461   1.298         
 1388   145  21.991   1.383         
 1391   145  18.167   0.967   0.236
 1392    76  20.248   1.241         
 1392   145  20.103   1.416   0.869
 1394   145  23.026   1.561         
 1397   145  21.081   1.049   0.236
 1398   145  17.884   1.551   1.138
 1401   145  21.224   1.111   0.256
 1402   145  21.621   1.524         
 1405    76  20.342   1.579         
 1405   145  20.239   1.694   0.952
 1406    76  17.647   1.374         
 1406   145  17.598   1.529   1.123
 1407    76  21.471   1.071         
 1409    76  21.736   1.117         
 1409   145  21.820   1.195         
 1410    76  20.452   1.012         
 1411   145  20.062   1.236   0.413
 1413    76  20.933   1.114         
 1413   145  20.895   1.050   0.292
 1414    76  20.845   1.163         
 1414   145  20.964   1.058   0.323
 1415    76  20.492   1.033         
 1415   145  20.582   1.017   0.325
 1416   145  22.747   1.253         
 1417    76  22.805   1.046         
 1417   145  22.615   1.623         
 1418    76  20.898   0.979         
 1418   145  20.918   1.114   0.469
 1419    76  20.683   1.071         
 1419   145  20.665   1.011   0.335
 1420    76  22.067   1.075         
 1425    76  20.244   1.023         
 1425   145  20.253   1.071   0.254
 1426    76  17.151   1.585         
 1426   145  17.222   1.606   1.268
 1428   145  22.116   1.411         
 1431    76  20.506   0.992         
 1431   145  20.477   1.105   0.315
 1432    76  21.251   1.535         
 1433   145  22.623   1.506         
 1435    76  16.775   0.793         
 1436   145  20.506   1.083   0.587
 1437   145  21.589   1.232         
 1442    76  18.743   0.892         
 1442   145  18.809   0.914   0.232
 1443    76  21.633   1.022         
 1443   145  21.577   1.087         
 1444   145  22.207   1.184         
 1446   145  23.148   1.055         
 1447    76  18.447   1.116         
 1449    76  18.272   1.020         
 1450    76  21.762   0.899         
 1450   145  21.717   1.139   0.181
 1451    76  20.430   1.059         
 1451   145  20.541   1.070   0.347
 1452    76  19.835   1.058         
 1452   145  19.854   1.123   0.360
 1453    76  20.952   1.000         
 1453   145  20.950   1.064   0.278
 1454   145  21.660   1.022   0.136
 1455    76  20.418   1.056         
 1455   145  20.563   1.077   0.355
 1456    76  19.824   1.360         
 1456   145  19.816   1.421   0.775
 1457    76  21.852   1.461         
 1457   145  22.053   1.217         
 1458    76  20.988   1.329         
 1458   145  20.865   1.564         
 1459    76  19.819   1.048         
 1459   145  19.840   1.067   0.310
 1460   145  21.522   1.535         
 1461   145  20.013   1.418   0.748
 1462    76  16.377   0.903         
 1462   145  16.430   0.932   0.230
 1464    76  20.089   1.022         
 1464   145  20.133   1.039   0.360
 1465   145  22.211   2.051         
 1466   145  22.377   1.405         
 1467    76  19.851   1.381         
 1467   145  19.906   1.399   0.809
 1468    76  17.204   1.436         
 1468   145  17.204   1.553   1.224
 1469    76  18.804   1.412         
 1469   145  18.574   1.524   1.148
 1470    76  20.333   1.012         
 1470   145  20.410   1.058   0.436
 1471    76  21.084   1.099         
 1471   145  21.130   1.138   0.472
 1472   145  21.821   1.131         
 1473    76  21.944   1.286         
 1473   145  22.014   1.368         
 1474   145  19.214   1.462   0.952
 1475    76  20.306   1.632         
 1475   145  20.419   1.659   1.016
 1478   145  22.873   1.234         
 1479    76  21.393   0.933         
 1479   145  21.196   1.062   0.240
 1480    76  19.725   0.966         
 1480   145  19.793   0.988   0.297
 1481    76  21.070   1.226         
 1481   145  21.207   1.045         
 1482   145  20.953   1.047   0.421
 1485    76  21.878   0.925         
 1485   145  22.008   1.154  -0.076
 1487    76  19.768   1.790         
 1487   145  20.082   1.555   1.118
 1488    76  21.064   1.147         
 1490   145  18.195   0.908   0.278
 1491    76  20.964   1.026         
 1491   145  20.763   1.043   0.217
 1492    76  19.891   1.089         
 1492   145  19.921   1.132   0.421
 1494   145  22.118   1.472         
 1495    76  21.014   0.981         
 1495    76  21.227   0.963         
 1495   145  21.179   0.983   0.416
 1496   145  21.423   1.514         
 1497   145  21.660   1.339         
 1498    76  21.647   1.120         
 1498   145  21.958   1.209   0.036
 1500    76  19.916   1.079         
 1500   145  19.991   1.080   0.435
 1502    76  20.925   1.170         
 1502   145  21.014   0.958   0.264
 1503    76  20.843   0.956         
 1503   145  20.837   1.004   0.265
 1508   145  21.782   1.014   0.105
 1510    76  20.283   1.323         
 1510   145  20.160   1.297   0.699
 1511    76  19.833   1.172         
 1511   145  19.881   1.178   0.510
 1512    76  21.316   0.777         
 1512   145  21.337   1.030   0.325
 1516    76  20.741   1.017         
 1516   145  20.849   0.998   0.283
 1517   145  19.120   0.975   0.260
 1519   145  22.070   1.170         
 1520    76  21.327   0.913         
 1520   145  21.344   1.106   0.464
 1521    76  22.160   1.327         
 1521   145  22.280   1.160         
 1522   145  22.146   1.145         
 1523    76  21.686   1.130         
 1523   145  21.881   1.026         
 1526    76  18.424   1.045         
 1526   145  18.517   1.164   0.468
 1527    76  18.794   1.379         
 1527   145  18.871   1.386   0.963
 1528    76  20.790   1.117         
 1528   145  20.859   1.137   0.507
 1529    76  20.548   1.021         
 1529   145  20.591   1.034   0.280
 1530   145  22.339   2.054         
 1531    76  22.957   0.996         
 1531   145  22.961   1.498         
 1533    76  21.620   1.103         
 1533   145  21.574   1.176   0.192
 1534    76  18.289   1.042         
 1535    76  21.521   1.290         
 1535   145  21.719   1.256         
 1538    76  22.290   1.222         
 1538   145  22.657   1.279         
 1539    76  20.993   1.315         
 1540    76  20.381   1.048         
 1541    76  22.145   1.262         
 1541   145  22.360   1.318         
 1542   145  22.507   1.485         
 1543    76  21.345   1.303         
 1543   145  21.396   1.244   0.434
 1545   145  22.028   1.104         
 1546    76  21.201   1.137         
 1546   145  21.311   1.112   0.347
 1547    76  19.403   1.469         
 1549    76  21.524   1.037         
 1549   145  21.610   1.184   0.100
 1550    76  21.856   0.861         
 1550   145  21.649   1.127   0.328
 1551    76  19.869   1.526         
 1551   145  19.923   1.576   1.453
 1552    76  20.835   1.094         
 1553    76  21.577   1.046         
 1553   145  21.516   1.138   0.225
 1556    76  20.786   0.981         
 1556   145  20.845   0.969   0.300
 1557    76  16.324   0.871         
 1557   145  16.377   0.903   0.205
 1558    76  18.011   1.088         
 1558   145  18.091   1.121   0.464
 1559    76  21.215   1.123         
 1560    76  19.647   0.960         
 1560   145  19.738   0.943   0.338
 1561    76  20.700   1.061         
 1561   145  20.733   1.054   0.357
 1563   145  21.660   1.904         
 1564    76  20.397   0.985         
 1566    76  21.384   0.991         
 1566   145  21.791   1.221   0.139
 1567   145  22.553   1.209         
 1570   145  20.679   1.097   0.485
 1571    76  17.572   1.424         
 1571   145  17.660   1.464   1.038
 1572    76  18.775   1.444         
 1572   145  18.963   1.332   0.775
 1573   145  21.327   1.165   0.141
 1574    76  19.785   1.103         
 1574   145  19.946   1.009   0.359
 1575    76  21.235   1.169         
 1575   145  21.287   1.073   0.643
 1576   145  22.642   0.226  -0.828
 1578    76  20.477   1.341         
 1578   145  20.287   1.351   1.007
 1579   145  20.135   1.061   0.329
 1580    76  21.283   1.181         
 1580   145  21.281   1.386         
 1581   145  22.932   1.503         
 1582    76  17.529   1.423         
 1582   145  17.597   1.496   1.060
 1583    76  17.473   1.436         
 1583   145  17.544   1.504   1.138
 1584    76  20.262   1.275         
 1587    76  20.321   1.316         
 1587   145  20.383   1.025   0.312
 1588   145  19.488   1.265   0.779
 1590   145  21.497   1.468         
 1591   145  21.835   1.143   0.261
 1592   145  22.552   1.399         
 1594    76  22.218   1.052         
 1595   145  22.079   0.889   0.189
 1597    76  19.583   1.299         
 1597   145  19.515   1.381   0.886
 1600    76  21.837   1.244         
 1600   145  21.783   1.100   0.307
 1602   145  20.775   1.627         
 1603    76  21.694   1.019         
 1603   145  21.543   1.093   0.386
 1604    76  16.955   1.363         
 1607   145  22.805   1.333         
 1610    76  21.991   1.051         
 1610   145  21.777   1.048         
 1611   145  18.695   1.042   0.338
 1612   145  21.457   1.043   0.564
 1614   145  20.456   1.411   0.823
 1617    76  22.533   1.261         
 1617   145  22.505   1.187         
 1618   145  22.622   1.368         
 1621   145  21.641   1.116         
 1622    76  20.470   1.653         
 1622   145  20.444   1.543         
 1626   145  20.395   1.167   0.517
 1627    76  19.249   1.120         
 1627   145  19.245   1.105   0.463
 1629   145  22.524   1.248         
 1631    76  21.794   1.157         
 1631   145  21.733   1.214         
 1640    76  20.465   0.807         
 1640   145  20.225   1.005   0.327
 1641   145  23.337   1.044         
 1642    76  20.660   1.011         
 1642   145  20.554   1.028   0.398
 1644   145  21.724   1.913  -0.932
 1650    76  20.609   0.968         
 1650   145  20.537   1.047   0.254
 1653   145  22.592   1.403         
 1655    76  20.178   0.993         
 1655   145  20.169   1.056         
 1656    76  21.622   0.824         
 1656   145  21.448   1.073   0.064
 1658    76  22.043   1.106         
 1658   145  21.920   1.155         
 1662    76  16.406   0.700         
 1662   145  16.438   0.716   0.279
 1663    76  20.231   1.125         
 1664   145  22.875   1.375         
 1665    76  20.208   1.050         
 1665   145  20.153   1.059   0.420
 1666    76  20.795   1.006         
 1666   145  20.740   1.121   0.232
 1667    76  20.336   0.896         
 1667   145  20.276   0.956   0.242
 1668   145  22.311   1.618         
 1669   145  21.553   1.036   0.336
 1670    76  20.748   0.969         
 1673    76  20.698   1.288         
 1674   145  20.352   1.505         
 1677   145  23.486   0.933         
 1678    76  18.223   1.024         
 1678   145  18.217   1.084   0.426
 1680    76  18.001   0.876         
 1680   145  18.016   0.950   0.290
 1681   145  21.271   1.105   0.163
 1685   145  22.849   1.236         
 1686   145  22.068   1.016         
 1690   145  20.405   1.062   0.469
 1691    76  21.464   1.112         
 1691   145  21.337   1.016   0.249
 1692    76  19.023   1.337         
 1692   145  18.972   1.426   1.378
 1695   145  22.391   1.145         
 1697   145  22.479   1.367         
 1772    76  18.913   0.832         
 1772   145  18.854   1.008   0.217
 1773   145  20.424   1.009   0.315
 1774   145  21.690   1.576         
 1776   145  19.444   1.003   0.293
 1778    76  22.396   1.817         
 1778   145  22.590   1.143         
 1779    76  22.064   0.911         
 1779   145  21.996   1.050         
 1781    76  20.255   0.968         
 1781   145  20.097   1.087   0.346
 1782   145  22.888   1.568         
 1783   145  22.644   1.309         
 1785   145  20.569   1.334   1.014
 1786    76  21.631   1.036         
 1790   145  21.234   1.171   0.573
 1792    76  18.026   1.020         
 1794   145  20.682   1.269   0.610
 1795    76  20.841   1.104         
 1797    76  19.958   1.117         
 1799   145  17.895   0.610   0.107
 1801   145  22.017   1.108         
 1802   145  22.894   1.177         
 1803    76  20.541   0.998         
 1803   145  20.549   1.044   0.349
 1804    76  20.163   1.342         
 1804   145  20.158   1.373   0.940
 1805    76  19.388   1.369         
 1805   145  19.260   1.436   1.004
 1806   145  19.727   1.145   1.244
 1807   145  20.203   0.960   0.556
 1808   145  19.695   1.397   0.919
 1809   145  22.225   1.717         
 1810    76  21.681   1.335         
 1810   145  22.077   1.281         
 1811    76  17.060   1.541         
 1811   145  17.145   1.603   1.300
 1812    76  20.944   0.933         
 1812   145  20.938   1.017   0.250
 1814    76  21.355   1.252         
 1814   145  21.364   1.172   0.360
 1815    76  20.619   1.080         
 1817    76  19.731   0.995         
 1818   145  21.940   1.169   0.054
 1819    76  20.578   1.219         
 1819   145  21.148   1.131   0.175
 1820   145  20.391   1.042   0.295
 1821   145  20.211   1.287   0.599
 1822   145  22.190   1.294         
 1823    76  22.066   1.136         
 1823   145  22.323   1.080         
 1824    76  18.894   1.156         
 1824   145  18.948   1.166   0.637
 1825    76  20.066   1.397         
 1825   145  20.095   1.400   0.945
 1826    76  19.837   0.987         
 1826   145  19.842   1.011   0.347
 1830    76  21.061   1.048         
 1830   145  21.185   0.928   0.185
 1832   145  20.003   1.117   0.355
 1833    76  20.191   1.110         
 1833   145  20.583   0.934   0.440
 1834    76  16.461   0.909         
 1834   145  16.539   0.917   0.287
 1835    76  20.138   1.054         
 1835   145  20.182   1.070   0.400
 1837   145  20.533   1.329   0.141
 1838   145  20.784   0.961   0.192
 1839    76  16.759   0.911         
 1840    76  21.525   1.125         
 1840   145  22.018   1.099         
 1842    76  20.644   0.975         
 1843    76  21.843   1.214         
 1843   145  21.964   1.220         
 1845    76  20.400   1.049         
 1847   145  22.517   1.498         
 1848    76  20.415   1.116         
 1848   145  20.519   1.009   0.276
 1849   145  19.304   1.145   0.451
 1850    76  20.354   1.118         
 1851   145  20.679   1.119   0.569
 1852   145  20.720   1.055   0.401
 1853   145  21.067   1.144   0.564
 1854   145  23.198   1.281         
 1857   145  22.117   1.188         
 1858   145  21.651   1.557  -0.461
 1862   145  23.130   1.287         
 1863    76  19.613   1.203         
 1863   145  19.553   1.221   0.707
 1865   145  22.812   1.427         
 1868    76  19.305   0.847         
 1868   145  19.494   1.054   0.249
 1870   145  22.815   1.304         
 1871    76  19.830   1.106         
 1871   145  19.743   1.134   0.589
 1872    76  17.816   1.034         
 1872   145  17.777   1.126   0.540
 1874    76  18.714   0.595         
 1874   145  18.701   0.647   0.292
 1876    76  19.954   1.228         
 1876   145  19.677   1.382   1.214
 1877    76  19.911   1.194         
 1877   145  19.921   1.238   0.747
 1878    76  17.269   0.546         
 1878   145  17.303   0.575   0.159
 1879    76  20.622   1.529         
 1879   145  20.597   1.588   0.935
 1881   145  21.814   1.237         
 1922   145  21.880   1.456         
 1923    76  21.390   1.173         
 1923   145  21.369   1.247   0.465
 1924   145  20.902   1.665         
 1927    76  19.550   1.404         
 1927   145  19.590   1.450   0.816
 1928    76  20.750   1.115         
 1928   145  20.739   1.115   0.683
 1929    76  19.840   1.049         
 1929   145  19.862   1.086   0.401
 1931   145  22.056   1.266  -0.016
 1933    76  19.045   1.330         
 1935   145  19.875   0.872   0.351
 1936    76  21.759   1.227         
 1936   145  21.803   1.303         
 1937    76  19.313   1.337         
 1937   145  19.332   1.384   1.128
 1939    76  21.447   1.111         
 1939   145  21.436   1.180   0.267
 1940   145  22.033   1.134         
 1941    76  19.344   0.904         
 1941   145  19.485   0.982   0.219
 1942   145  22.115   0.988         
 1944    76  21.088   1.136         
 1944   145  21.124   1.167   0.237
 1945   145  22.501   1.198         
 1950    76  20.006   0.944         
 1950   145  20.039   0.976   0.282
 1951   145  21.281   1.139   0.458
 1952    76  21.128   1.148         
 1952   145  21.272   1.039   0.670
 1953    76  18.838   1.183         
 1953   145  18.811   1.278         
 1954   145  21.061   1.529         
 1957    76  18.681   1.504         
 1957   145  18.568   1.568   1.289
 1958    76  17.217   1.202         
 1958   145  17.265   1.267   0.622
 1959    76  19.500   1.139         
 1987    76  16.772   1.143         
 1987   145  16.942   1.099   0.486
 1991    76  21.022   1.007         
 1991   145  20.999   0.976   0.285
 1995    76  20.378   1.013         
 1995   145  20.346   1.050   0.250
 1996    76  18.361   1.333         
 1996   145  18.445   1.357   0.670
 1997   145  23.140   1.003         
 1998   145  22.153   1.917         
 1999    76  20.322   1.055         
 1999   145  20.317   1.058   0.351
 2000    76  20.554   1.077         
 2000   145  20.704   0.956   0.351
 2003    76  20.884   1.039         
 2004    76  19.553   0.920         
 2005    76  17.662   1.447         
 2005   145  17.731   1.490   1.070
 2007    76  19.241   0.889         
 2007   145  19.278   0.897   0.242
 2009   145  22.859   1.375         
 2010    76  19.805   0.980         
 2010   145  19.764   1.047   0.325
 2011   145  20.461   0.959   0.276
 2015    76  19.302   0.852         
 2015   145  19.279   0.913   0.256
 2018   145  22.182   1.345         
 2024   145  21.135   0.998  -0.093
 2039    76  20.430   0.909         
 2042    76  20.808   1.230         
 2042   145  21.698   1.293         
 2045    76  21.257   1.025         
 2045   145  21.128   1.023   0.270
 2046    76  20.321   1.243         
 2046   145  20.215   1.318   0.865
 2058    76  19.293   0.997         
 2058   145  19.418   1.050   0.415
 2061    76  19.690   1.015         
 2063    76  20.445   1.011         
 2063   145  20.596   0.993   0.289
 2064    76  16.671   0.956         
 2064   145  16.748   0.992   0.377
 2065    76  20.315   0.998         
 2065   145  20.349   1.058   0.309
 2075    76  20.733   1.135         
 2077    76  19.562   0.988         
 2077   145  19.605   1.026   0.323
 2078    76  20.645   1.152         
 2081   145  17.162   0.761   0.323
 2101    76  22.244   1.270         
 2101   145  22.069   1.173         
 2102    76  20.932   0.798         
 2103    76  20.954   0.989         
 2104    76  21.234   0.900         
 2104   145  21.045   0.995   0.198
 2105    76  21.432   1.161         
 2106    76  21.375   1.261         
 2107    76  21.588   1.118         
 2108    76  19.516   0.864         
 2109    76  19.089   0.962         
 2110    76  24.966   0.374         
 2111    76  20.720   1.352         
 2112    76  20.977   1.003         
 2113    76  19.051   1.575         
 2113   145  19.200   1.555   1.304
 2114    76  16.084   1.832         
 2114   145  16.184   1.924   2.071
 2115    76  16.765   1.548         
 2115   145  16.837   1.604   1.345
 2116    76  16.908   1.432         
 2116   145  16.928   1.521   1.328
 2117    76  15.103   1.623         
 2117   145  15.147   1.704   1.731
 2118    76  16.349   1.764         
 2118   145  16.331   1.888   1.990
 2119    76  15.359   1.012         
 2120    76  15.785   0.632         
 2120   145  15.774   0.737   0.288
 2121    76  15.512   0.623         
 2122    76  14.879   0.637         
 2123    76  15.505   0.585         
 2123   145  15.489   0.920   0.323
 2124    76  15.801   0.719         
 2125    76  24.195   0.124         
 2126    76  21.272   0.847         
 2127    76  23.069   1.253         
 2128    76  23.060   2.363         
 2129    76  23.818   1.557         
 2130    76  20.543   1.121         
 2130   145  20.610   1.086   0.297
 2131    76  25.361  -1.009         
 2132    76  14.273   0.697         
 2133    76  25.047   1.619         
 2134    76  23.560   0.153         
 2135    76  22.624   1.319         
 2135   145  22.920   1.483         
 2136    76  14.458   1.033         
 2137    76  24.508   0.647         
 2138    76  19.980   0.664         
 2139    76  21.205   1.265         
 2140    76  20.039   0.107         
 2141    76  20.008   0.120         
 2142    76  19.828  -0.061         
 2143   145  22.295   1.199         
 2157   145  23.410   1.058   0.058
 2163   145  22.332   0.696  -0.034
 2181   145  22.064   1.076         
 2185   145  23.125   1.267         
 2187   145  23.058   1.490         
 2192   145  23.345   0.788         
 2200   145  22.382   1.713         
 2202   145  22.988   0.168         
 2203   145  22.229   1.083         
 2212   145  23.608   0.390         
 2213   145  23.688  -0.748         
 2214   145  23.323   0.733         
 2220   145  23.001   0.864   0.864
 2231   145  23.767   0.538   0.538
 2247   145  21.362   1.476         
 2262   145  16.360   1.003   0.324
 2263   145  15.486   1.201   1.116
 2264   145  15.643   1.553   1.252
 2272   145  15.817   1.737   1.671
 2276   145  15.489   0.833   0.232
 2283   145  23.192   0.942   0.942
 2285   145  23.200   0.952         
 2287   145  23.395   0.510         
 2289   145  22.998   0.989         
